experiment_id,task_id,penalty,wrong_solutions
2025-08-13_09-41-46_GenericAgent-gpt-4o-mini-2024-07-18_on_webmall,Webmall_Add_To_Cart_Task4_19,None,https://webmall-1.informatik.uni-mannheim.de/product/asus-pro-h610t-d4-csm-corporate-stable-model-intel-h610-1700-thin-mini-itx-2-ddr4-so-dimm-hdmi-dp-lvds-19v-dc-in-1x-m-2|https://webmall-4.informatik.uni-mannheim.de/product/asus-pro-h610t-d4-csm-corporate-stable-model-intel-h610-1700-thin-mini-itx-2-ddr4-so-dimm-hdmi-dp-lvds-19v-dc-in-1x-m-2
